{'batch_size': 10, 'lr': 0.0001, 'epochs': 100, 'val_interval': 5, 'distributed': False, 'cache_dataset': False, 'smartcache_dataset': False, 'losses': 'huber_loss'}
losses: [0.06168567107402181, 0.049148773805140274, 0.04798629751281911, 0.04290569016072703, 0.04198493685965475, 0.03923349398629446, 0.037730765124586854, 0.0380972506184327, 0.036041796709852, 0.03507218248897085, 0.03362654522061348, 0.03400004701688886, 0.031653954463667776, 0.031908474188592086, 0.03086985295981561, 0.03265713472654553, 0.031085291889643197, 0.030219118735802016, 0.0312655630006798, 0.030295031561859344, 0.030147350589303595, 0.029992867555273205, 0.029187577347712296, 0.029793255141397055, 0.029192083613260797, 0.029305650558518737, 0.030730861214626776, 0.029048539489801777, 0.030337833909709986, 0.02835653044626509, 0.027979291742667556, 0.028012572426201875, 0.028027483740037207, 0.027981279295329984, 0.027691695483793553, 0.027867647966271954, 0.027673214992606325, 0.027844741805701664, 0.027527503534465245, 0.028707585174982484, 0.026617525035123293, 0.026705958157483684, 0.027235238861880805, 0.027282473974322017, 0.02628715518911026, 0.02638320355234962, 0.027608136842517478, 0.02605480841655088, 0.02662040478255796, 0.026457117380280244, 0.02561972684864151, 0.02677147922498223, 0.02695173054541412, 0.026061030325332756, 0.025588250204332565, 0.026192832738161087, 0.02603836080647613, 0.025747243572320593, 0.025274549231031222, 0.025136482705803292, 0.025455392002569216, 0.025428196072186295, 0.025237761940316933, 0.0248548070238413, 0.0253720094792937, 0.024702688899675484, 0.02458619515068437, 0.025214407200876036, 0.025131828372219677, 0.024742790988009227, 0.02488231801084782, 0.024855920689572628, 0.024292288225536283, 0.024384727958883894, 0.025228359332112104, 0.025217643240466714, 0.024598393503478484, 0.02414386193758171, 0.0243272710910165, 0.023944620962107654, 0.0239657036911108, 0.023733577176340316, 0.024172119857547313, 0.024260842314872303, 0.023962663584633878, 0.023922638244632827, 0.024032570581000886, 0.024214799932547305, 0.023640178217503586, 0.023905100864603332, 0.02347099627858322, 0.02372480871302909, 0.023891467784874533, 0.023735822178423405, 0.02373012705509992, 0.02391818817704916, 0.02396619811310972, 0.024098091881330077, 0.023683201154007724, 0.0243128433848094]
metric: [6.518736362457275, 5.945632457733154, 5.908794403076172, 6.123280048370361, 5.89489221572876, 6.006073474884033, 6.324875354766846, 6.669609069824219, 6.328586101531982, 6.065003871917725, 6.312331676483154, 5.907864093780518, 6.176094055175781, 5.999186992645264, 5.897898197174072, 6.194407939910889, 6.152626037597656, 6.251572608947754, 5.962992191314697, 6.174985885620117]
