{'batch_size': 2, 'lr': 0.0001, 'epochs': 100, 'val_interval': 5, 'distributed': True, 'cache_dataset': False, 'smartcache_dataset': False, 'losses': dict_keys(['dice_loss', 'facal_loss', 'hausdorff_loss', 'BCE_loss', 'CE_loss'])}
losses: [0.3329972236156464, 0.2637560688257217, 0.24102977827191352, 0.22922877502441405, 0.2218278270661831, 0.22472409811615943, 0.22300782811641692, 0.22545212104916573, 0.22204962334036826, 0.2201145204603672, 0.2198827337771654, 0.21593461379408838, 0.21982226663827897, 0.2159798118174076, 0.22540368887782097, 0.2218480591773987, 0.2159217638373375, 0.2189145848453045, 0.22082538995146753, 0.2157332903444767, 0.2157818792462349, 0.2152942300438881, 0.21652955040335656, 0.21595044592022897, 0.21434904631972312, 0.21591755688190462, 0.2139209187924862, 0.20918433237075806, 0.22080621647834778, 0.21278930482268332, 0.2194448733329773, 0.2136151592731476, 0.20617684662342073, 0.21373548412322999, 0.21649517518281935, 0.2138985123038292, 0.21229591676592827, 0.21251996463537215, 0.21263461816310883, 0.21505481988191605, 0.21069267180562018, 0.2071605083346367, 0.20611773905158043, 0.21416243788599967, 0.21312198466062546, 0.21113031509518623, 0.20995009134709836, 0.21179456874728203, 0.21815960389375685, 0.20688977032899858, 0.2144879593551159, 0.21988968527317046, 0.2124387610256672, 0.21090829899907113, 0.210320784419775, 0.2142248048186302, 0.2073759483098984, 0.20885214442014693, 0.212218173250556, 0.2096809103190899, 0.20699604642391206, 0.21381308978796004, 0.21345428431034089, 0.2099792606383562, 0.21104395076632498, 0.2048793813586235, 0.21683537355065347, 0.21378662073612212, 0.20114961862564087, 0.211319273263216, 0.21290220588445663, 0.2160149245262146, 0.21214458502829076, 0.2074232840836048, 0.21072877913713456, 0.2070302907526493, 0.20558681544661522, 0.209658058822155, 0.20745346957445146, 0.20858907502889634, 0.20888136664032936, 0.21295038515329362, 0.20637149104475974, 0.20818242114782334, 0.20884498780965804, 0.20770829313993455, 0.20702202945947648, 0.204538156747818, 0.20817958208918572, 0.20941423872113227, 0.21492689153552055, 0.21234954230487346, 0.20931383782625199, 0.21342673918604851, 0.21329076331853866, 0.20876937460899353, 0.21060796675086021, 0.20335920977592467, 0.20719738425314427, 0.2106583351790905]
metric: [0.9973811507225037, 0.9977642893791199, 0.9986538887023926, 0.998759925365448, 0.9988575577735901, 0.9988324046134949, 0.9978145956993103, 0.9992900490760803, 0.9983845949172974, 0.9991742372512817, 0.9992819428443909, 0.999272346496582, 0.9993801712989807, 0.9992316961288452, 0.9992703199386597, 0.9992619752883911, 0.9993393421173096, 0.9993963241577148, 0.999127984046936, 0.9985591769218445]
8445]
